<X> <Y>
1.000000000000000e-03 1.001614719603578e+00
1.624060000000000e-03 1.000774288651848e+00
2.248120000000000e-03 9.995352582065221e-01
2.872180000000000e-03 9.978989483854612e-01
3.496240000000000e-03 9.958671014852243e-01
4.120300000000000e-03 9.934418792125222e-01
4.744360000000000e-03 9.906258592514791e-01
5.368420000000000e-03 9.874220311736508e-01
5.992480000000000e-03 9.838337916989409e-01
6.616540000000000e-03 9.798649393170815e-01
7.240600000000000e-03 9.755196682803212e-01
7.864660000000001e-03 9.708025619795019e-01
8.488720000000000e-03 9.657185857167494e-01
9.112779999999999e-03 9.602730788892551e-01
9.736840000000000e-03 9.544717465997804e-01
1.036090000000000e-02 9.483206507106172e-01
1.098500000000000e-02 9.418257732257386e-01
1.160900000000000e-02 9.349953661938333e-01
1.223310000000000e-02 9.278343139754951e-01
1.285710000000000e-02 9.203522992223333e-01
1.348120000000000e-02 9.125546175952739e-01
1.410530000000000e-02 9.044504298105235e-01
1.472930000000000e-02 8.960493731670243e-01
1.535340000000000e-02 8.873572889619514e-01
1.597740000000000e-02 8.783857492137858e-01
1.660150000000000e-02 8.691409079456073e-01
1.722560000000000e-02 8.596334388008239e-01
1.784960000000000e-02 8.498743971456242e-01
1.847370000000000e-02 8.398703246762915e-01
1.909770000000000e-02 8.296342795506607e-01
1.972180000000000e-02 8.191730054140729e-01
2.034590000000000e-02 8.084983052421637e-01
2.096990000000000e-02 7.976222590341451e-01
2.159400000000000e-02 7.865518259850692e-01
2.221800000000000e-02 7.753011065580706e-01
2.284210000000000e-02 7.638771445315081e-01
2.346620000000000e-02 7.522924592275455e-01
2.409020000000000e-02 7.405597370869786e-01
2.471430000000000e-02 7.286860597931323e-01
2.533830000000000e-02 7.166861058757489e-01
2.596240000000000e-02 7.045669234738534e-01
2.658650000000000e-02 6.923413248503159e-01
2.721050000000000e-02 6.800221790036397e-01
2.783460000000000e-02 6.676163975203758e-01
2.845860000000000e-02 6.551387729081920e-01
2.908270000000000e-02 6.425960700270109e-01
2.970680000000000e-02 6.300009791234450e-01
3.033080000000000e-02 6.173661408923359e-01
3.095490000000000e-02 6.046980206566756e-01
3.157890000000000e-02 5.920110807724638e-01
3.220300000000000e-02 5.793115368682967e-01
3.282710000000000e-02 5.666115684262215e-01
3.345110000000000e-02 5.539232073724182e-01
3.407520000000000e-02 5.412522256962613e-01
3.469920000000000e-02 5.286123494724304e-01
3.532330000000000e-02 5.160090127915978e-01
3.594740000000000e-02 5.034535375701651e-01
3.657140000000000e-02 4.909570120476647e-01
3.719550000000000e-02 4.785243076009720e-01
3.781950000000000e-02 4.661680612799208e-01
3.844360000000000e-02 4.538927367202504e-01
3.906770000000000e-02 4.417085063731838e-01
3.969170000000000e-02 4.296252376262014e-01
4.031580000000000e-02 4.176467419382832e-01
4.093980000000000e-02 4.057842800082429e-01
4.156390000000000e-02 3.940412065565602e-01
4.218800000000000e-02 3.824263171695185e-01
4.281200000000000e-02 3.709480477076793e-01
4.343610000000000e-02 3.596090436927776e-01
4.406020000000000e-02 3.484171945821951e-01
4.468420000000000e-02 3.373800058231421e-01
4.530830000000000e-02 3.264993955870959e-01
4.593230000000000e-02 3.157840101750157e-01
4.655640000000000e-02 3.052352787103815e-01
4.718050000000000e-02 2.948594973700052e-01
4.780450000000000e-02 2.846625522661638e-01
4.842860000000000e-02 2.746451413731625e-01
4.905260000000000e-02 2.648141408963395e-01
4.967670000000000e-02 2.551697679101997e-01
5.030080000000000e-02 2.457166836505331e-01
5.092480000000000e-02 2.364591308540798e-01
5.154890000000000e-02 2.273966229884490e-01
5.217290000000000e-02 2.185342531382823e-01
5.279700000000000e-02 2.098710819211444e-01
5.342110000000000e-02 2.014101621031510e-01
5.404510000000000e-02 1.931541359415108e-01
5.466920000000000e-02 1.851014159806431e-01
5.529320000000000e-02 1.772553693412568e-01
5.591730000000000e-02 1.696140009922084e-01
5.654140000000000e-02 1.621788429601381e-01
5.716540000000000e-02 1.549510392862028e-01
5.778950000000000e-02 1.479280257941865e-01
5.841350000000000e-02 1.411115621472701e-01
5.903760000000000e-02 1.344987356934151e-01
5.966170000000000e-02 1.280896973030862e-01
6.028570000000000e-02 1.218842444831045e-01
6.090980000000000e-02 1.158789922535741e-01
6.153380000000000e-02 1.100742615313553e-01
6.215790000000000e-02 1.044663879035141e-01
6.278200000000000e-02 9.905432128066241e-02
6.340600000000000e-02 9.383670212489108e-02
6.403010000000001e-02 8.880950236193305e-02
6.465410000000001e-02 8.397181040362828e-02
6.527819999999999e-02 7.931939361741287e-02
6.590230000000000e-02 7.485020944723195e-02
6.652630000000000e-02 7.056195610320518e-02
6.715040000000000e-02 6.645015161414512e-02
6.777440000000000e-02 6.251288226913419e-02
6.839850000000000e-02 5.874553815610224e-02
6.902260000000000e-02 5.514530841662407e-02
6.964660000000000e-02 5.170917646875210e-02
7.027070000000001e-02 4.843239705855781e-02
7.089470000000000e-02 4.531229556698726e-02
7.151879999999999e-02 4.234407332337114e-02
7.214290000000000e-02 3.952437879285079e-02
7.276690000000000e-02 3.684970867288349e-02
7.339100000000000e-02 3.431523717549110e-02
7.401500000000000e-02 3.191776831845645e-02
7.463910000000000e-02 2.965249194408205e-02
7.526320000000000e-02 2.751573577785999e-02
7.588720000000000e-02 2.550372762363768e-02
7.651130000000000e-02 2.361172801554337e-02
7.713530000000000e-02 2.183624640488957e-02
7.775940000000001e-02 2.017261974971156e-02
7.838349999999999e-02 1.861705771594355e-02
7.900749999999999e-02 1.716571763417321e-02
7.963160000000000e-02 1.581409090435057e-02
8.025560000000000e-02 1.455859728173767e-02
8.087970000000000e-02 1.339485506709649e-02
8.150380000000000e-02 1.231913368877806e-02
8.212780000000000e-02 1.132769189787707e-02
8.275190000000000e-02 1.041636960252741e-02
8.337590000000000e-02 9.581672847896997e-03
8.400000000000001e-02 8.819607305109313e-03
8.462409999999999e-02 8.126649722065844e-03
8.524809999999999e-02 7.499300752111021e-03
8.587220000000000e-02 6.933836886058488e-03
8.649620000000000e-02 6.426992976630175e-03
8.712030000000000e-02 5.975237992719191e-03
8.774440000000000e-02 5.575370155211480e-03
8.836840000000000e-02 5.224238476229709e-03
8.899250000000000e-02 4.918613755846038e-03
8.961650000000000e-02 4.655566489210261e-03
9.024060000000000e-02 4.432074708497827e-03
9.086470000000001e-02 4.245337913543908e-03
9.148870000000001e-02 4.092625460580515e-03
9.211279999999999e-02 3.971230794184844e-03
9.273679999999999e-02 3.878631209912041e-03
9.336090000000000e-02 3.812330994327894e-03
9.398500000000000e-02 3.769977435890602e-03
9.460900000000000e-02 3.749299242933806e-03
9.523310000000000e-02 3.748113898155049e-03
9.585710000000000e-02 3.764342935554952e-03
9.648120000000000e-02 3.796008475236078e-03
9.710530000000001e-02 3.841221551885920e-03
9.772930000000001e-02 3.898179367571872e-03
9.835339999999999e-02 3.965201525635936e-03
9.897739999999999e-02 4.040661064991243e-03
9.960150000000000e-02 4.123067911702678e-03
1.002260000000000e-01 4.211044142004763e-03
1.008500000000000e-01 4.303125682507854e-03
1.014740000000000e-01 4.398132876794627e-03
1.020980000000000e-01 4.494902739549381e-03
1.027220000000000e-01 4.592355453050185e-03
1.033460000000000e-01 4.689492343618470e-03
1.039700000000000e-01 4.785393761039130e-03
1.045940000000000e-01 4.879216869588732e-03
1.052180000000000e-01 4.970193359247223e-03
1.058420000000000e-01 5.057627085585524e-03
1.064660000000000e-01 5.140891646718624e-03
1.070900000000000e-01 5.219427905591626e-03
1.077140000000000e-01 5.292741465726059e-03
1.083380000000000e-01 5.360400108396022e-03
1.089620000000000e-01 5.422031199029803e-03
1.095860000000000e-01 5.477319070442924e-03
1.102110000000000e-01 5.526074988903172e-03
1.108350000000000e-01 5.567933056813952e-03
1.114590000000000e-01 5.602816127583656e-03
1.120830000000000e-01 5.630610099218537e-03
1.127070000000000e-01 5.651244652750948e-03
1.133310000000000e-01 5.664690643903073e-03
1.139550000000000e-01 5.670957518432763e-03
1.145790000000000e-01 5.670090756812320e-03
1.152030000000000e-01 5.662169353607011e-03
1.158270000000000e-01 5.647303336630691e-03
1.164510000000000e-01 5.625631330662101e-03
1.170750000000000e-01 5.597318170208091e-03
1.176990000000000e-01 5.562552565500121e-03
1.183230000000000e-01 5.521544825609173e-03
1.189470000000000e-01 5.474524642262071e-03
1.195710000000000e-01 5.421738937640477e-03
1.201950000000000e-01 5.363449779143215e-03
1.208200000000000e-01 5.299826529049476e-03
1.214440000000000e-01 5.231359555339969e-03
1.220680000000000e-01 5.158246887965216e-03
1.226920000000000e-01 5.080791760420957e-03
1.233160000000000e-01 4.999303210586121e-03
1.239400000000000e-01 4.914094443496168e-03
1.245640000000000e-01 4.825481273790407e-03
1.251880000000000e-01 4.733780648542702e-03
1.258120000000000e-01 4.639309250928570e-03
1.264360000000000e-01 4.542382184932706e-03
1.270600000000000e-01 4.443311741060979e-03
1.276840000000000e-01 4.342406242789451e-03
1.283080000000000e-01 4.239968973261047e-03
1.289320000000000e-01 4.136297181528148e-03
1.295560000000000e-01 4.031681167436848e-03
1.301800000000000e-01 3.926403444056737e-03
1.308050000000000e-01 3.820568472543528e-03
1.314290000000000e-01 3.714780001121906e-03
1.320530000000000e-01 3.609123798679092e-03
1.326770000000000e-01 3.503844341093458e-03
1.333010000000000e-01 3.399175241609580e-03
1.339250000000000e-01 3.295338846206283e-03
1.345490000000000e-01 3.192545894352108e-03
1.351730000000000e-01 3.090995242903378e-03
1.357970000000000e-01 2.990873650805654e-03
1.364210000000000e-01 2.892355622176464e-03
1.370450000000000e-01 2.795603305274424e-03
1.376690000000000e-01 2.700766444798307e-03
1.382930000000000e-01 2.607982384907779e-03
1.389170000000000e-01 2.517376120316454e-03
1.395410000000000e-01 2.429060392776434e-03
1.401650000000000e-01 2.343135830251687e-03
1.407890000000000e-01 2.259691126065452e-03
1.414140000000000e-01 2.178675715921743e-03
1.420380000000000e-01 2.100414435393166e-03
1.426620000000000e-01 2.024829897620025e-03
1.432860000000000e-01 1.951965536193413e-03
1.439100000000000e-01 1.881854251201037e-03
1.445340000000000e-01 1.814518771650440e-03
1.451580000000000e-01 1.749972039230701e-03
1.457820000000000e-01 1.688217610896251e-03
1.464060000000000e-01 1.629250077812549e-03
1.470300000000000e-01 1.573055498265491e-03
1.476540000000000e-01 1.519611842203418e-03
1.482780000000000e-01 1.468889445152727e-03
1.489020000000000e-01 1.420851469324307e-03
1.495260000000000e-01 1.375454369808442e-03
1.501500000000000e-01 1.332648363839538e-03
1.507740000000000e-01 1.292377901199109e-03
1.513980000000000e-01 1.254582133914978e-03
1.520230000000000e-01 1.219140570405371e-03
1.526470000000000e-01 1.186096480999780e-03
1.532710000000000e-01 1.155317285439958e-03
1.538950000000000e-01 1.126725563197019e-03
1.545190000000000e-01 1.100240876689034e-03
1.551430000000000e-01 1.075780203317940e-03
1.557670000000000e-01 1.053258356559902e-03
1.563910000000000e-01 1.032588395034325e-03
1.570150000000000e-01 1.013682018573409e-03
1.576390000000000e-01 9.964499504097814e-04
1.582630000000000e-01 9.808023046942813e-04
1.588870000000000e-01 9.666489386488806e-04
1.595110000000000e-01 9.538997887509605e-04
1.601350000000000e-01 9.424651904343232e-04
1.607590000000000e-01 9.322561808792890e-04
1.613830000000000e-01 9.231847845486715e-04
1.620080000000000e-01 9.151522253982689e-04
1.626320000000000e-01 9.080988805121158e-04
1.632560000000000e-01 9.019276052800686e-04
1.638800000000000e-01 8.965568793564331e-04
1.645040000000000e-01 8.919073324026310e-04
1.651280000000000e-01 8.879019232402990e-04
1.657520000000000e-01 8.844661014713139e-04
1.663760000000000e-01 8.815279517894381e-04
1.670000000000000e-01 8.790183212639452e-04
1.676240000000000e-01 8.768709299275846e-04
1.682480000000000e-01 8.750224650496146e-04
1.688720000000000e-01 8.734126595192558e-04
1.694960000000000e-01 8.719843548058868e-04
1.701200000000000e-01 8.706835489995743e-04
1.707440000000000e-01 8.694594304691223e-04
1.713680000000000e-01 8.682643977048368e-04
1.719920000000000e-01 8.670540659396009e-04
1.726170000000000e-01 8.657851649430017e-04
1.732410000000000e-01 8.644237258024505e-04
1.738650000000000e-01 8.629329615012804e-04
1.744890000000000e-01 8.612811829507778e-04
1.751130000000000e-01 8.594397746859737e-04
1.757370000000000e-01 8.573831356541757e-04
1.763610000000000e-01 8.550886113927562e-04
1.769850000000000e-01 8.525364182817430e-04
1.776090000000000e-01 8.497095605548512e-04
1.782330000000000e-01 8.465937407481063e-04
1.788570000000000e-01 8.431772642582519e-04
1.794810000000000e-01 8.394509386739061e-04
1.801050000000000e-01 8.354079685310158e-04
1.807290000000000e-01 8.310438461307065e-04
1.813530000000000e-01 8.263562390423475e-04
1.819770000000000e-01 8.213448748975766e-04
1.826020000000000e-01 8.160026200065821e-04
1.832260000000000e-01 8.103500698666935e-04
1.838500000000000e-01 8.043841350650824e-04
1.844740000000000e-01 7.981115998022937e-04
1.850980000000000e-01 7.915407113040794e-04
1.857220000000000e-01 7.846810599474102e-04
1.863460000000000e-01 7.775434603263225e-04
1.869700000000000e-01 7.701398336820020e-04
1.875940000000000e-01 7.624830920953019e-04
1.882180000000000e-01 7.545870248133891e-04
1.888420000000000e-01 7.464661870554324e-04
1.894660000000000e-01 7.381357916154329e-04
1.900900000000000e-01 7.296116035534322e-04
1.907140000000000e-01 7.209098382396326e-04
1.913380000000000e-01 7.120470629894584e-04
1.919620000000000e-01 7.030401025014053e-04
1.925860000000000e-01 6.939059482837606e-04
1.932110000000000e-01 6.846467784531744e-04
1.938350000000000e-01 6.753093152541977e-04
1.944590000000000e-01 6.658958181390304e-04
1.950830000000000e-01 6.564231247124322e-04
1.957070000000000e-01 6.469078510266260e-04
1.963310000000000e-01 6.373663274847975e-04
1.969550000000000e-01 6.278145393651799e-04
1.975790000000000e-01 6.182680719692756e-04
1.982030000000000e-01 6.087420603788260e-04
1.988270000000000e-01 5.992511437881426e-04
1.994510000000000e-01 5.898094243614826e-04
2.000750000000000e-01 5.804304305492156e-04
2.006990000000000e-01 5.711270847816856e-04
2.013230000000000e-01 5.619116754458851e-04
2.019470000000000e-01 5.527958330373237e-04
2.025710000000000e-01 5.437905103678659e-04
2.031950000000000e-01 5.349059666997054e-04
2.038200000000000e-01 5.261378359116497e-04
2.044440000000000e-01 5.175230268190911e-04
2.050680000000000e-01 5.090555228996703e-04
2.056920000000000e-01 5.007427228783350e-04
2.063160000000000e-01 4.925913063465251e-04
2.069400000000000e-01 4.846072382716149e-04
2.075640000000000e-01 4.767957763147950e-04
2.081880000000000e-01 4.691614807797877e-04
2.088120000000000e-01 4.617082270130654e-04
2.094360000000000e-01 4.544392200753308e-04
2.100600000000000e-01 4.473570115039320e-04
2.106840000000000e-01 4.404635179865329e-04
2.113080000000000e-01 4.337600417677434e-04
2.119320000000000e-01 4.272472926124696e-04
2.125560000000000e-01 4.209254111524261e-04
2.131800000000000e-01 4.147939934455362e-04
2.138050000000000e-01 4.088427457680281e-04
2.144290000000000e-01 4.030892944539066e-04
2.150530000000000e-01 3.975220845741693e-04
2.156770000000000e-01 3.921387973331641e-04
2.163010000000000e-01 3.869367047323647e-04
2.169250000000000e-01 3.819126980786583e-04
2.175490000000000e-01 3.770633166456145e-04
2.181730000000000e-01 3.723847763597079e-04
2.187970000000000e-01 3.678729983901354e-04
2.194210000000000e-01 3.635236375276592e-04
2.200450000000000e-01 3.593321102448458e-04
2.206690000000000e-01 3.552936223371080e-04
2.212930000000000e-01 3.514031960510329e-04
2.219170000000000e-01 3.476556966135864e-04
2.225410000000000e-01 3.440458580828930e-04
2.231650000000000e-01 3.405683084483349e-04
2.237890000000000e-01 3.372175939147212e-04
2.244140000000000e-01 3.339831214069945e-04
2.250380000000000e-01 3.308696857483759e-04
2.256620000000000e-01 3.278664536075372e-04
2.262860000000000e-01 3.249678686984667e-04
2.269100000000000e-01 3.221684003542684e-04
2.275340000000000e-01 3.194625619202590e-04
2.281580000000000e-01 3.168449280592270e-04
2.287820000000000e-01 3.143101509542765e-04
2.294060000000000e-01 3.118529754000692e-04
2.300300000000000e-01 3.094682527784254e-04
2.306540000000000e-01 3.071509539191277e-04
2.312780000000000e-01 3.048961808513770e-04
2.319020000000000e-01 3.026991774556950e-04
2.325260000000000e-01 3.005553390301177e-04
2.331500000000000e-01 2.984602207883172e-04
2.337740000000000e-01 2.964095453107604e-04
2.343980000000000e-01 2.943992089732543e-04
2.350230000000000e-01 2.924221512415894e-04
2.356470000000000e-01 2.904809531534512e-04
2.362710000000000e-01 2.885688700990634e-04
2.368950000000000e-01 2.866825387828365e-04
2.375190000000000e-01 2.848187875517652e-04
2.381430000000000e-01 2.829746373430874e-04
2.387670000000000e-01 2.811473018466313e-04
2.393910000000000e-01 2.793341869221767e-04
2.400150000000000e-01 2.775328893129966e-04
2.406390000000000e-01 2.757411946974124e-04
2.412630000000000e-01 2.739570751206267e-04
2.418870000000000e-01 2.721786858493271e-04
2.425110000000000e-01 2.704043616915974e-04
2.431350000000000e-01 2.686326128245396e-04
2.437590000000000e-01 2.668621201716878e-04
2.443830000000000e-01 2.650917303718405e-04
2.450080000000000e-01 2.633176106069905e-04
2.456320000000000e-01 2.615445986067512e-04
2.462560000000000e-01 2.597691670931411e-04
2.468800000000000e-01 2.579907687241466e-04
2.475040000000000e-01 2.562089919842703e-04
2.481280000000000e-01 2.544235545323175e-04
2.487520000000000e-01 2.526342964079459e-04
2.493760000000000e-01 2.508411731305017e-04
2.500000000000000e-01 2.490442487222520e-04
