<X> <Y>
1.000000000000000e-03 1.004748952627326e+00
1.624060000000000e-03 1.003902502780071e+00
2.248120000000000e-03 1.002654604927850e+00
2.872180000000000e-03 1.001006595685741e+00
3.496240000000000e-03 9.989602391037989e-01
4.120300000000000e-03 9.965177238477088e-01
4.744360000000000e-03 9.936816597031076e-01
5.368420000000000e-03 9.904550734106571e-01
5.992480000000000e-03 9.868414038402793e-01
6.616540000000000e-03 9.828444965143019e-01
7.240600000000000e-03 9.784685974905746e-01
7.864660000000001e-03 9.737183466178910e-01
8.488720000000000e-03 9.685987701772930e-01
9.112779999999999e-03 9.631152729240701e-01
9.736840000000000e-03 9.572736295464325e-01
1.036090000000000e-02 9.510799755579888e-01
1.098500000000000e-02 9.445403675744699e-01
1.160900000000000e-02 9.376631492435932e-01
1.223310000000000e-02 9.304532747170716e-01
1.285710000000000e-02 9.229205304001193e-01
1.348120000000000e-02 9.150702869497814e-01
1.410530000000000e-02 9.069118072478743e-01
1.472930000000000e-02 8.984548345696977e-01
1.535340000000000e-02 8.897052916477336e-01
1.597740000000000e-02 8.806748705019155e-01
1.660150000000000e-02 8.713698099135972e-01
1.722560000000000e-02 8.618008982794128e-01
1.784960000000000e-02 8.519793080473521e-01
1.847370000000000e-02 8.419116691285350e-01
1.909770000000000e-02 8.316111693481738e-01
1.972180000000000e-02 8.210846418245108e-01
2.034590000000000e-02 8.103440105035502e-01
2.096990000000000e-02 7.994014771053581e-01
2.159400000000000e-02 7.882640905951774e-01
2.221800000000000e-02 7.769460837705970e-01
2.284210000000000e-02 7.654545893224054e-01
2.346620000000000e-02 7.538022471585690e-01
2.409020000000000e-02 7.420018634788484e-01
2.471430000000000e-02 7.300606060421058e-01
2.533830000000000e-02 7.179932813970961e-01
2.596240000000000e-02 7.058070208688424e-01
2.658650000000000e-02 6.935147504990764e-01
2.721050000000000e-02 6.811294507575928e-01
2.783460000000000e-02 6.686581106705785e-01
2.845860000000000e-02 6.561156399123548e-01
2.908270000000000e-02 6.435088760743325e-01
2.970680000000000e-02 6.308506105284295e-01
3.033080000000000e-02 6.181535814918395e-01
3.095490000000000e-02 6.054243187722215e-01
3.157890000000000e-02 5.926773853457954e-01
3.220300000000000e-02 5.799190551269081e-01
3.282710000000000e-02 5.671615911547627e-01
3.345110000000000e-02 5.544171042755832e-01
3.407520000000000e-02 5.416914145828593e-01
3.469920000000000e-02 5.289983277129056e-01
3.532330000000000e-02 5.163433185911690e-01
3.594740000000000e-02 5.037377714329517e-01
3.657140000000000e-02 4.911928314246562e-01
3.719550000000000e-02 4.787133993454473e-01
3.781950000000000e-02 4.663121676764339e-01
3.844360000000000e-02 4.539936216002088e-01
3.906770000000000e-02 4.417679723521661e-01
3.969170000000000e-02 4.296451203925681e-01
4.031580000000000e-02 4.176288867997305e-01
4.093980000000000e-02 4.057305621025756e-01
4.156390000000000e-02 3.939535027147226e-01
4.218800000000000e-02 3.823065187807830e-01
4.281200000000000e-02 3.707980550167379e-01
4.343610000000000e-02 3.594307469910051e-01
4.406020000000000e-02 3.482124844909121e-01
4.468420000000000e-02 3.371507677681688e-01
4.530830000000000e-02 3.262474939241579e-01
4.593230000000000e-02 3.155112991755106e-01
4.655640000000000e-02 3.049435845844178e-01
4.718050000000000e-02 2.945506244858518e-01
4.780450000000000e-02 2.843382781858310e-01
4.842860000000000e-02 2.743072059136979e-01
4.905260000000000e-02 2.644642519117368e-01
4.967670000000000e-02 2.548095896812075e-01
5.030080000000000e-02 2.453478395229058e-01
5.092480000000000e-02 2.360831991220922e-01
5.154890000000000e-02 2.270151307095569e-01
5.217290000000000e-02 2.181486774651191e-01
5.279700000000000e-02 2.094828444479964e-01
5.342110000000000e-02 2.010206285728267e-01
5.404510000000000e-02 1.927646131955782e-01
5.466920000000000e-02 1.847131500940635e-01
5.529320000000000e-02 1.768695434480775e-01
5.591730000000000e-02 1.692317348769755e-01
5.654140000000000e-02 1.618011905928948e-01
5.716540000000000e-02 1.545789869763621e-01
5.778950000000000e-02 1.475624940030666e-01
5.841350000000000e-02 1.407534008612101e-01
5.903760000000000e-02 1.341487283111563e-01
5.966170000000000e-02 1.277485568058910e-01
6.028570000000000e-02 1.215526128395434e-01
6.090980000000000e-02 1.155574451132697e-01
6.153380000000000e-02 1.097633022263080e-01
6.215790000000000e-02 1.041664545224503e-01
6.278200000000000e-02 9.876578226649899e-02
6.340600000000000e-02 9.355985688692578e-02
6.403010000000001e-02 8.854458796146078e-02
6.465410000000001e-02 8.371899521089669e-02
6.527819999999999e-02 7.907878638832043e-02
6.590230000000000e-02 7.462185506790907e-02
6.652630000000000e-02 7.034583728083021e-02
6.715040000000000e-02 6.624619663792039e-02
6.777440000000000e-02 6.232095922495251e-02
6.839850000000000e-02 5.856546483093818e-02
6.902260000000000e-02 5.497684878856757e-02
6.964660000000000e-02 5.155204327421203e-02
7.027070000000001e-02 4.828625974920882e-02
7.089470000000000e-02 4.517677580044360e-02
7.151879999999999e-02 4.221875461127055e-02
7.214290000000000e-02 3.940880417636813e-02
7.276690000000000e-02 3.674338390779120e-02
7.339100000000000e-02 3.421763810146546e-02
7.401500000000000e-02 3.182833811926469e-02
7.463910000000000e-02 2.957064961623353e-02
7.526320000000000e-02 2.744087525093502e-02
7.588720000000000e-02 2.543522126958286e-02
7.651130000000000e-02 2.354893279147726e-02
7.713530000000000e-02 2.177850313044083e-02
7.775940000000001e-02 2.011925968898818e-02
7.838349999999999e-02 1.856740321461650e-02
7.900749999999999e-02 1.711908564785801e-02
7.963160000000000e-02 1.576979745684613e-02
8.025560000000000e-02 1.451595876099521e-02
8.087970000000000e-02 1.335319246538242e-02
8.150380000000000e-02 1.227777464995447e-02
8.212780000000000e-02 1.128597397225250e-02
8.275190000000000e-02 1.037364276412310e-02
8.337590000000000e-02 9.537302584061503e-03
8.400000000000001e-02 8.772976327308139e-03
8.462409999999999e-02 8.077161161469009e-03
8.524809999999999e-02 7.446380883462902e-03
8.587220000000000e-02 6.876935653846029e-03
8.649620000000000e-02 6.365588464190078e-03
8.712030000000000e-02 5.908835677810128e-03
8.774440000000000e-02 5.503506871668143e-03
8.836840000000000e-02 5.146484403971627e-03
8.899250000000000e-02 4.834571100659839e-03
8.961650000000000e-02 4.564874779186961e-03
9.024060000000000e-02 4.334407904353306e-03
9.086470000000001e-02 4.140408677188830e-03
9.148870000000001e-02 3.980186277582815e-03
9.211279999999999e-02 3.851071120624265e-03
9.273679999999999e-02 3.750582966227386e-03
9.336090000000000e-02 3.676264032890254e-03
9.398500000000000e-02 3.625803628367149e-03
9.460900000000000e-02 3.596972679409974e-03
9.523310000000000e-02 3.587626945051601e-03
9.585710000000000e-02 3.595731283167851e-03
9.648120000000000e-02 3.619345600998401e-03
9.710530000000001e-02 3.656622157642413e-03
9.772930000000001e-02 3.705798679576339e-03
9.835339999999999e-02 3.765230791143120e-03
9.897739999999999e-02 3.833331558107118e-03
9.960150000000000e-02 3.908645101747317e-03
1.002260000000000e-01 3.989825826953027e-03
1.008500000000000e-01 4.075453460916393e-03
1.014740000000000e-01 4.164375409792712e-03
1.020980000000000e-01 4.255459777548477e-03
1.027220000000000e-01 4.347656188645672e-03
1.033460000000000e-01 4.439993663892886e-03
1.039700000000000e-01 4.531578406399648e-03
1.045940000000000e-01 4.621591506544378e-03
1.052180000000000e-01 4.709286574777009e-03
1.058420000000000e-01 4.793987310966413e-03
1.064660000000000e-01 4.875085018871344e-03
1.070900000000000e-01 4.952036074162543e-03
1.077140000000000e-01 5.024359354253828e-03
1.083380000000000e-01 5.091633638012571e-03
1.089620000000000e-01 5.153494983215915e-03
1.095860000000000e-01 5.209634089399309e-03
1.102110000000000e-01 5.259869120712754e-03
1.108350000000000e-01 5.303831135352562e-03
1.114590000000000e-01 5.341444201111891e-03
1.120830000000000e-01 5.372591243606499e-03
1.127070000000000e-01 5.397196671703088e-03
1.133310000000000e-01 5.415223799355631e-03
1.139550000000000e-01 5.426672299138331e-03
1.145790000000000e-01 5.431575692934301e-03
1.152030000000000e-01 5.429998884928733e-03
1.158270000000000e-01 5.422035741740371e-03
1.164510000000000e-01 5.407806724206753e-03
1.170750000000000e-01 5.387456575017980e-03
1.176990000000000e-01 5.361152066071693e-03
1.183230000000000e-01 5.329079809099428e-03
1.189470000000000e-01 5.291444132792901e-03
1.195710000000000e-01 5.248465029338565e-03
1.201950000000000e-01 5.200376172951164e-03
1.208200000000000e-01 5.147334383493209e-03
1.214440000000000e-01 5.089765135793971e-03
1.220680000000000e-01 5.027850989018416e-03
1.226920000000000e-01 4.961862053165547e-03
1.233160000000000e-01 4.892073359377090e-03
1.239400000000000e-01 4.818763347755460e-03
1.245640000000000e-01 4.742212436816688e-03
1.251880000000000e-01 4.662701674819129e-03
1.258120000000000e-01 4.580511472949679e-03
1.264360000000000e-01 4.495920420099963e-03
1.270600000000000e-01 4.409204178725690e-03
1.276840000000000e-01 4.320634461054040e-03
1.283080000000000e-01 4.230478084686026e-03
1.289320000000000e-01 4.138996106434875e-03
1.295560000000000e-01 4.046443033046443e-03
1.301800000000000e-01 3.953066107265072e-03
1.308050000000000e-01 3.858953743992381e-03
1.314290000000000e-01 3.764638269740230e-03
1.320530000000000e-01 3.670191389361190e-03
1.326770000000000e-01 3.575825578770820e-03
1.333010000000000e-01 3.481743544798976e-03
1.339250000000000e-01 3.388137922445463e-03
1.345490000000000e-01 3.295191032622509e-03
1.351730000000000e-01 3.203074697823970e-03
1.357970000000000e-01 3.111950113087811e-03
1.364210000000000e-01 3.021967769557466e-03
1.370450000000000e-01 2.933267427897742e-03
1.376690000000000e-01 2.845978138782926e-03
1.382930000000000e-01 2.760218307647238e-03
1.389170000000000e-01 2.676095800871460e-03
1.395410000000000e-01 2.593708090573506e-03
1.401650000000000e-01 2.513142435174542e-03
1.407890000000000e-01 2.434476092926109e-03
1.414140000000000e-01 2.357655260507266e-03
1.420380000000000e-01 2.282983851049068e-03
1.426620000000000e-01 2.210386170809172e-03
1.432860000000000e-01 2.139902160915091e-03
1.439100000000000e-01 2.071563228504712e-03
1.445340000000000e-01 2.005392600814530e-03
1.451580000000000e-01 1.941405693627711e-03
1.457820000000000e-01 1.879610491672822e-03
1.464060000000000e-01 1.820007938644411e-03
1.470300000000000e-01 1.762592334602398e-03
1.476540000000000e-01 1.707351738597092e-03
1.482780000000000e-01 1.654268374460854e-03
1.489020000000000e-01 1.603319037804790e-03
1.495260000000000e-01 1.554475502359478e-03
1.501500000000000e-01 1.507704923901603e-03
1.507740000000000e-01 1.462970240113497e-03
1.513980000000000e-01 1.420230564828947e-03
1.520230000000000e-01 1.379377748817928e-03
1.526470000000000e-01 1.340495074884231e-03
1.532710000000000e-01 1.303465554453193e-03
1.538950000000000e-01 1.268236784606114e-03
1.545190000000000e-01 1.234754379570123e-03
1.551430000000000e-01 1.202962304827777e-03
1.557670000000000e-01 1.172803197803376e-03
1.563910000000000e-01 1.144218674434155e-03
1.570150000000000e-01 1.117149621035817e-03
1.576390000000000e-01 1.091536470970505e-03
1.582630000000000e-01 1.067319465721468e-03
1.588870000000000e-01 1.044438900071644e-03
1.595110000000000e-01 1.022835351173283e-03
1.601350000000000e-01 1.002449891382073e-03
1.607590000000000e-01 9.832242848119561e-04
1.613830000000000e-01 9.651011676456313e-04
1.620080000000000e-01 9.479976553121286e-04
1.626320000000000e-01 9.319132633068348e-04
1.632560000000000e-01 9.167659787662050e-04
1.638800000000000e-01 9.025034120508037e-04
1.645040000000000e-01 8.890747098584274e-04
1.651280000000000e-01 8.764306426752287e-04
1.657520000000000e-01 8.645236780840951e-04
1.663760000000000e-01 8.533080404425663e-04
1.670000000000000e-01 8.427397574819934e-04
1.676240000000000e-01 8.327766944145877e-04
1.682480000000000e-01 8.233785761654403e-04
1.688720000000000e-01 8.145069983726148e-04
1.694960000000000e-01 8.061254278200886e-04
1.701200000000000e-01 7.981991929857475e-04
1.707440000000000e-01 7.906954653998909e-04
1.713680000000000e-01 7.835832325189585e-04
1.719920000000000e-01 7.768332628245091e-04
1.726170000000000e-01 7.704080377292747e-04
1.732410000000000e-01 7.643022830979227e-04
1.738650000000000e-01 7.584812951005211e-04
1.744890000000000e-01 7.529224891336211e-04
1.751130000000000e-01 7.476047951535773e-04
1.757370000000000e-01 7.425085908786845e-04
1.763610000000000e-01 7.376156320425107e-04
1.769850000000000e-01 7.329089803300114e-04
1.776090000000000e-01 7.283729296058314e-04
1.782330000000000e-01 7.239929310198693e-04
1.788570000000000e-01 7.197555175490008e-04
1.794810000000000e-01 7.156482285059700e-04
1.801050000000000e-01 7.116595345171043e-04
1.807290000000000e-01 7.077787634398841e-04
1.813530000000000e-01 7.039960276596903e-04
1.819770000000000e-01 7.003021531725141e-04
1.826020000000000e-01 6.966828800363053e-04
1.832260000000000e-01 6.931418291752974e-04
1.838500000000000e-01 6.896657129484359e-04
1.844740000000000e-01 6.862475513867378e-04
1.850980000000000e-01 6.828807621355609e-04
1.857220000000000e-01 6.795591069172840e-04
1.863460000000000e-01 6.762766416833941e-04
1.869700000000000e-01 6.730276705936825e-04
1.875940000000000e-01 6.698067039281210e-04
1.882180000000000e-01 6.666084200057253e-04
1.888420000000000e-01 6.634276311544171e-04
1.894660000000000e-01 6.602592537466617e-04
1.900900000000000e-01 6.570982822876593e-04
1.907140000000000e-01 6.539397675161409e-04
1.913380000000000e-01 6.507787984524761e-04
1.919620000000000e-01 6.476104883049589e-04
1.925860000000000e-01 6.444299641227711e-04
1.932110000000000e-01 6.412272193863059e-04
1.938350000000000e-01 6.380076343826661e-04
1.944590000000000e-01 6.347612415775424e-04
1.950830000000000e-01 6.314831898456232e-04
1.957070000000000e-01 6.281686411192419e-04
1.963310000000000e-01 6.248127791403353e-04
1.969550000000000e-01 6.214108206920789e-04
1.975790000000000e-01 6.179580290804137e-04
1.982030000000000e-01 6.144497296286925e-04
1.988270000000000e-01 6.108813269433641e-04
1.994510000000000e-01 6.072483237050034e-04
2.000750000000000e-01 6.035463407369908e-04
2.006990000000000e-01 5.997711381037364e-04
2.013230000000000e-01 5.959186369914670e-04
2.019470000000000e-01 5.919849421271955e-04
2.025710000000000e-01 5.879663644954826e-04
2.031950000000000e-01 5.838594441179693e-04
2.038200000000000e-01 5.796541692621455e-04
2.044440000000000e-01 5.753610586705628e-04
2.050680000000000e-01 5.709708196355556e-04
2.056920000000000e-01 5.664811300775200e-04
2.063160000000000e-01 5.618900041248102e-04
2.069400000000000e-01 5.571958107808969e-04
2.075640000000000e-01 5.523972912545757e-04
2.081880000000000e-01 5.474935747995986e-04
2.088120000000000e-01 5.424841929237986e-04
2.094360000000000e-01 5.373690918419278e-04
2.100600000000000e-01 5.321486430609814e-04
2.106840000000000e-01 5.268236520016056e-04
2.113080000000000e-01 5.213953645742241e-04
2.119320000000000e-01 5.158654716436439e-04
2.125560000000000e-01 5.102361113310847e-04
2.131800000000000e-01 5.045098691176455e-04
2.138050000000000e-01 4.986803751341895e-04
2.144290000000000e-01 4.927697603762612e-04
2.150530000000000e-01 4.867726786415943e-04
2.156770000000000e-01 4.806934621597470e-04
2.163010000000000e-01 4.745368578130463e-04
2.169250000000000e-01 4.683080141075186e-04
2.175490000000000e-01 4.620124660946195e-04
2.181730000000000e-01 4.556561183171677e-04
2.187970000000000e-01 4.492452258641800e-04
2.194210000000000e-01 4.427863736298296e-04
2.200450000000000e-01 4.362864538815515e-04
2.206690000000000e-01 4.297526422513135e-04
2.212930000000000e-01 4.231923722722575e-04
2.219170000000000e-01 4.166133085902373e-04
2.225410000000000e-01 4.100233189862605e-04
2.231650000000000e-01 4.034304453514095e-04
2.237890000000000e-01 3.968428737605197e-04
2.244140000000000e-01 3.902583839823798e-04
2.250380000000000e-01 3.837064394413416e-04
2.256620000000000e-01 3.771849241968993e-04
2.262860000000000e-01 3.707022890814754e-04
2.269100000000000e-01 3.642669712442945e-04
2.275340000000000e-01 3.578873620393096e-04
2.281580000000000e-01 3.515717750924280e-04
2.287820000000000e-01 3.453284147000172e-04
2.294060000000000e-01 3.391653447076169e-04
2.300300000000000e-01 3.330904580140034e-04
2.306540000000000e-01 3.271114468412375e-04
2.312780000000000e-01 3.212357739061449e-04
2.319020000000000e-01 3.154706446228705e-04
2.325260000000000e-01 3.098229804597212e-04
2.331500000000000e-01 3.042993935665783e-04
2.337740000000000e-01 2.989061627816827e-04
2.343980000000000e-01 2.936492111187071e-04
2.350230000000000e-01 2.885260041453538e-04
2.356470000000000e-01 2.835580928774164e-04
2.362710000000000e-01 2.787419010336675e-04
2.368950000000000e-01 2.740817351631555e-04
2.375190000000000e-01 2.695814585410816e-04
2.381430000000000e-01 2.652444791727010e-04
2.387670000000000e-01 2.610737397352077e-04
2.393910000000000e-01 2.570717094850941e-04
2.400150000000000e-01 2.532403781487922e-04
2.406390000000000e-01 2.495812518047964e-04
2.412630000000000e-01 2.460953507559524e-04
2.418870000000000e-01 2.427832093812416e-04
2.425110000000000e-01 2.396448779472246e-04
2.431350000000000e-01 2.366799263503834e-04
2.437590000000000e-01 2.338874497529547e-04
2.443830000000000e-01 2.312660760665166e-04
2.450080000000000e-01 2.288101802729768e-04
2.456320000000000e-01 2.265253408211548e-04
2.462560000000000e-01 2.244047811963627e-04
2.468800000000000e-01 2.224453694011102e-04
2.475040000000000e-01 2.206435692111119e-04
2.481280000000000e-01 2.189954573690113e-04
2.487520000000000e-01 2.174967421057680e-04
2.493760000000000e-01 2.161427828924778e-04
2.500000000000000e-01 2.149286113211982e-04
