<X> <Y>
1.000000000000000e-03 1.005487461999185e+00
1.624060000000000e-03 1.004638711921674e+00
2.248120000000000e-03 1.003387427275670e+00
2.872180000000000e-03 1.001734953328366e+00
3.496240000000000e-03 9.996830655278519e-01
4.120300000000000e-03 9.972339666482385e-01
4.744360000000000e-03 9.943902832500029e-01
5.368420000000000e-03 9.911550614628275e-01
5.992480000000000e-03 9.875317620994993e-01
6.616540000000000e-03 9.835242551108455e-01
7.240600000000000e-03 9.791368133929915e-01
7.864660000000001e-03 9.743741059595430e-01
8.488720000000000e-03 9.692411904925606e-01
9.112779999999999e-03 9.637435052874495e-01
9.736840000000000e-03 9.578868606080796e-01
1.036090000000000e-02 9.516774294696271e-01
1.098500000000000e-02 9.451213067187514e-01
1.160900000000000e-02 9.382268808110564e-01
1.223310000000000e-02 9.309991429519570e-01
1.285710000000000e-02 9.234479292651606e-01
1.348120000000000e-02 9.155786497918421e-01
1.410530000000000e-02 9.074006167988966e-01
1.472930000000000e-02 8.989236243002339e-01
1.535340000000000e-02 8.901536369795455e-01
1.597740000000000e-02 8.811024024992731e-01
1.660150000000000e-02 8.717762026577217e-01
1.722560000000000e-02 8.621858792914878e-01
1.784960000000000e-02 8.523426587527624e-01
1.847370000000000e-02 8.422532145766418e-01
1.909770000000000e-02 8.319307921143295e-01
1.972180000000000e-02 8.213822678512648e-01
2.034590000000000e-02 8.106196193371283e-01
2.096990000000000e-02 7.996551014628014e-01
2.159400000000000e-02 7.884958052050759e-01
2.221800000000000e-02 7.771560187028413e-01
2.284210000000000e-02 7.656429151330838e-01
2.346620000000000e-02 7.539691843826692e-01
2.409020000000000e-02 7.421476813648864e-01
2.471430000000000e-02 7.301856111682329e-01
2.533830000000000e-02 7.180978297338277e-01
2.596240000000000e-02 7.058915030814000e-01
2.658650000000000e-02 6.935796002286655e-01
2.721050000000000e-02 6.811751426533555e-01
2.783460000000000e-02 6.686851494276298e-01
2.845860000000000e-02 6.561245705070697e-01
2.908270000000000e-02 6.435002700324463e-01
2.970680000000000e-02 6.308250726461895e-01
3.033080000000000e-02 6.181117473475499e-01
3.095490000000000e-02 6.053668447779958e-01
3.157890000000000e-02 5.926049567626007e-01
3.220300000000000e-02 5.798323740041350e-01
3.282710000000000e-02 5.670613812797692e-01
3.345110000000000e-02 5.543041083823563e-01
3.407520000000000e-02 5.415663859130597e-01
3.469920000000000e-02 5.288620356036648e-01
3.532330000000000e-02 5.161965386417756e-01
3.594740000000000e-02 5.035812886146842e-01
3.657140000000000e-02 4.910274372194970e-01
3.719550000000000e-02 4.785398851831404e-01
3.781950000000000e-02 4.661313280759970e-01
3.844360000000000e-02 4.538062469353458e-01
3.906770000000000e-02 4.415748501907168e-01
3.969170000000000e-02 4.294470327929614e-01
4.031580000000000e-02 4.174266058406291e-01
4.093980000000000e-02 4.055248507338005e-01
4.156390000000000e-02 3.937451102908641e-01
4.218800000000000e-02 3.820961808201418e-01
4.281200000000000e-02 3.705864908584267e-01
4.343610000000000e-02 3.592186574751199e-01
4.406020000000000e-02 3.480005509009921e-01
4.468420000000000e-02 3.369396497854391e-01
4.530830000000000e-02 3.260378285611900e-01
4.593230000000000e-02 3.153036986417561e-01
4.655640000000000e-02 3.047386360992425e-01
4.718050000000000e-02 2.943488881282628e-01
4.780450000000000e-02 2.841402854426128e-01
4.842860000000000e-02 2.741134605424621e-01
4.905260000000000e-02 2.642752265179559e-01
4.967670000000000e-02 2.546257278320412e-01
5.030080000000000e-02 2.451695528727064e-01
5.092480000000000e-02 2.359108666264251e-01
5.154890000000000e-02 2.268491011145617e-01
5.217290000000000e-02 2.179892650957340e-01
5.279700000000000e-02 2.093303331662232e-01
5.342110000000000e-02 2.008752685546015e-01
5.404510000000000e-02 1.926266208207797e-01
5.466920000000000e-02 1.845827116692469e-01
5.529320000000000e-02 1.767468106995707e-01
5.591730000000000e-02 1.691168302080607e-01
5.654140000000000e-02 1.616942038619890e-01
5.716540000000000e-02 1.544799760136294e-01
5.778950000000000e-02 1.474714891214098e-01
5.841350000000000e-02 1.406704005007675e-01
5.903760000000000e-02 1.340737050110939e-01
5.966170000000000e-02 1.276814542805546e-01
6.028570000000000e-02 1.214933470206066e-01
6.090980000000000e-02 1.155059089914085e-01
6.153380000000000e-02 1.097193620130833e-01
6.215790000000000e-02 1.041299557639218e-01
6.278200000000000e-02 9.873654744039127e-02
6.340600000000000e-02 9.353768682978342e-02
6.403010000000001e-02 8.852926660916990e-02
6.465410000000001e-02 8.371028654024217e-02
6.527819999999999e-02 7.907644015698424e-02
6.590230000000000e-02 7.462560507038633e-02
6.652630000000000e-02 7.035540299592413e-02
6.715040000000000e-02 6.626128749538558e-02
6.777440000000000e-02 6.234127247382876e-02
6.839850000000000e-02 5.859069048539946e-02
6.902260000000000e-02 5.500666859245372e-02
6.964660000000000e-02 5.158613239687052e-02
7.027070000000001e-02 4.832429029050173e-02
7.089470000000000e-02 4.521841561814660e-02
7.151879999999999e-02 4.226367117355517e-02
7.214290000000000e-02 3.945666420305789e-02
7.276690000000000e-02 3.679385495185397e-02
7.339100000000000e-02 3.427039110605513e-02
7.401500000000000e-02 3.188304713295457e-02
7.463910000000000e-02 2.962699438781928e-02
7.526320000000000e-02 2.749854144729662e-02
7.588720000000000e-02 2.549390180426021e-02
7.651130000000000e-02 2.360832935499480e-02
7.713530000000000e-02 2.183832663890349e-02
7.775940000000001e-02 2.017923159215160e-02
7.838349999999999e-02 1.862725614104470e-02
7.900749999999999e-02 1.717856437782203e-02
7.963160000000000e-02 1.582865945069147e-02
8.025560000000000e-02 1.457397512994599e-02
8.087970000000000e-02 1.341014808706566e-02
8.150380000000000e-02 1.233346906455670e-02
8.212780000000000e-02 1.134022194032215e-02
8.275190000000000e-02 1.042627390801746e-02
8.337590000000000e-02 9.588162642823469e-03
8.400000000000001e-02 8.821926274652354e-03
8.462409999999999e-02 8.124078172529239e-03
8.524809999999999e-02 7.491158464262839e-03
8.587220000000000e-02 6.919482580603252e-03
8.649620000000000e-02 6.405830086735015e-03
8.712030000000000e-02 5.946712305902766e-03
8.774440000000000e-02 5.538974648951513e-03
8.836840000000000e-02 5.179515040163970e-03
8.899250000000000e-02 4.865150337849435e-03
8.961650000000000e-02 4.593003537314666e-03
9.024060000000000e-02 4.360100238501822e-03
9.086470000000001e-02 4.163692429701562e-03
9.148870000000001e-02 4.001102482108474e-03
9.211279999999999e-02 3.869672241445902e-03
9.273679999999999e-02 3.766933729177604e-03
9.336090000000000e-02 3.690439258423877e-03
9.398500000000000e-02 3.637888579108047e-03
9.460900000000000e-02 3.607062233575408e-03
9.523310000000000e-02 3.595823845078351e-03
9.585710000000000e-02 3.602146558660826e-03
9.648120000000000e-02 3.624096552887650e-03
9.710530000000001e-02 3.659832370433186e-03
9.772930000000001e-02 3.707597078079289e-03
9.835339999999999e-02 3.765750101525642e-03
9.897739999999999e-02 3.832708297803862e-03
9.960150000000000e-02 3.907017934680054e-03
1.002260000000000e-01 3.987334752957276e-03
1.008500000000000e-01 4.072240488056654e-03
1.014740000000000e-01 4.160581755851032e-03
1.020980000000000e-01 4.251225797760412e-03
1.027220000000000e-01 4.343120576696340e-03
1.033460000000000e-01 4.435292677700375e-03
1.039700000000000e-01 4.526845121933514e-03
1.045940000000000e-01 4.616955102752651e-03
1.052180000000000e-01 4.704871652509600e-03
1.058420000000000e-01 4.789913248586740e-03
1.064660000000000e-01 4.871465367042776e-03
1.070900000000000e-01 4.948977992082464e-03
1.077140000000000e-01 5.021963089387001e-03
1.083380000000000e-01 5.089992051148109e-03
1.089620000000000e-01 5.152693120439394e-03
1.095860000000000e-01 5.209748802334684e-03
1.102110000000000e-01 5.260970364673323e-03
1.108350000000000e-01 5.305976891841333e-03
1.114590000000000e-01 5.344684943147875e-03
1.120830000000000e-01 5.376968231823940e-03
1.127070000000000e-01 5.402741827893249e-03
1.133310000000000e-01 5.421959631330627e-03
1.139550000000000e-01 5.434611876585285e-03
1.145790000000000e-01 5.440722673696032e-03
1.152030000000000e-01 5.440347590920230e-03
1.158270000000000e-01 5.433571283489591e-03
1.164510000000000e-01 5.420505172794559e-03
1.170750000000000e-01 5.401285179986303e-03
1.176990000000000e-01 5.376069517671928e-03
1.183230000000000e-01 5.345036543065626e-03
1.189470000000000e-01 5.308382675647099e-03
1.195710000000000e-01 5.266320382069248e-03
1.201950000000000e-01 5.219076230751137e-03
1.208200000000000e-01 5.166801550003129e-03
1.214440000000000e-01 5.109913183974484e-03
1.220680000000000e-01 5.048589329446823e-03
1.226920000000000e-01 4.983094980052514e-03
1.233160000000000e-01 4.913700611388917e-03
1.239400000000000e-01 4.840680688470046e-03
1.245640000000000e-01 4.764312251779819e-03
1.251880000000000e-01 4.684873582120845e-03
1.258120000000000e-01 4.602642944207788e-03
1.264360000000000e-01 4.517897408720020e-03
1.270600000000000e-01 4.430911752302831e-03
1.276840000000000e-01 4.341957434792912e-03
1.283080000000000e-01 4.251301652739674e-03
1.289320000000000e-01 4.159206468102039e-03
1.295560000000000e-01 4.065928010818847e-03
1.301800000000000e-01 3.971715753781620e-03
1.308050000000000e-01 3.876659340460351e-03
1.314290000000000e-01 3.781297522726573e-03
1.320530000000000e-01 3.685704537094514e-03
1.326770000000000e-01 3.590097351476009e-03
1.333010000000000e-01 3.494683675150422e-03
1.339250000000000e-01 3.399661629316228e-03
1.345490000000000e-01 3.305219475971895e-03
1.351730000000000e-01 3.211535402717709e-03
1.357970000000000e-01 3.118777361004834e-03
1.364210000000000e-01 3.027102955303760e-03
1.370450000000000e-01 2.936659380620781e-03
1.376690000000000e-01 2.847583405758350e-03
1.382930000000000e-01 2.760001399692273e-03
1.389170000000000e-01 2.674029398426084e-03
1.395410000000000e-01 2.589773209679680e-03
1.401650000000000e-01 2.507328552775042e-03
1.407890000000000e-01 2.426781231096940e-03
1.414140000000000e-01 2.348083035541034e-03
1.420380000000000e-01 2.271552488070350e-03
1.426620000000000e-01 2.197119433920162e-03
1.432860000000000e-01 2.124832284454369e-03
1.439100000000000e-01 2.054730796791795e-03
1.445340000000000e-01 1.986846388504471e-03
1.451580000000000e-01 1.921202467595057e-03
1.457820000000000e-01 1.857814775514884e-03
1.464060000000000e-01 1.796691741058385e-03
1.470300000000000e-01 1.737834843048463e-03
1.476540000000000e-01 1.681238979809762e-03
1.482780000000000e-01 1.626892843512766e-03
1.489020000000000e-01 1.574779297560386e-03
1.495260000000000e-01 1.524875755280025e-03
1.501500000000000e-01 1.477154558277274e-03
1.507740000000000e-01 1.431583352902374e-03
1.513980000000000e-01 1.388125463376381e-03
1.520230000000000e-01 1.346675578020147e-03
1.526470000000000e-01 1.307322054007933e-03
1.532710000000000e-01 1.269949460627090e-03
1.538950000000000e-01 1.234507448252375e-03
1.545190000000000e-01 1.200943117115160e-03
1.551430000000000e-01 1.169201345277629e-03
1.557670000000000e-01 1.139225105795470e-03
1.563910000000000e-01 1.110955772378795e-03
1.570150000000000e-01 1.084333412950558e-03
1.576390000000000e-01 1.059297070588890e-03
1.582630000000000e-01 1.035785031424485e-03
1.588870000000000e-01 1.013735079146054e-03
1.595110000000000e-01 9.930847358458866e-04
1.601350000000000e-01 9.737714890133198e-04
1.607590000000000e-01 9.557330045565328e-04
1.613830000000000e-01 9.389073258020954e-04
1.620080000000000e-01 9.232088309597852e-04
1.626320000000000e-01 9.086270140650966e-04
1.632560000000000e-01 8.950760827772518e-04
1.638800000000000e-01 8.824973032105231e-04
1.645040000000000e-01 8.708331063706338e-04
1.651280000000000e-01 8.600272053475525e-04
1.657520000000000e-01 8.500246997573867e-04
1.663760000000000e-01 8.407721678010563e-04
1.670000000000000e-01 8.322177463422522e-04
1.676240000000000e-01 8.243111994382533e-04
1.682480000000000e-01 8.170039757844138e-04
1.688720000000000e-01 8.102492555567011e-04
1.694960000000000e-01 8.040019871565538e-04
1.701200000000000e-01 7.982189143787390e-04
1.707440000000000e-01 7.928585945358135e-04
1.713680000000000e-01 7.878814080824344e-04
1.719920000000000e-01 7.832495602891951e-04
1.726170000000000e-01 7.789203782076848e-04
1.732410000000000e-01 7.748735019015899e-04
1.738650000000000e-01 7.710693875878056e-04
1.744890000000000e-01 7.674774196796633e-04
1.751130000000000e-01 7.640687157826842e-04
1.757370000000000e-01 7.608160921949866e-04
1.763610000000000e-01 7.576940252475782e-04
1.769850000000000e-01 7.546786089881534e-04
1.776090000000000e-01 7.517475096964658e-04
1.782330000000000e-01 7.488799177021737e-04
1.788570000000000e-01 7.460564969574565e-04
1.794810000000000e-01 7.432593327968063e-04
1.801050000000000e-01 7.404718782954183e-04
1.807290000000000e-01 7.376788996156689e-04
1.813530000000000e-01 7.348664207084792e-04
1.819770000000000e-01 7.320216677130347e-04
1.826020000000000e-01 7.291283431039267e-04
1.832260000000000e-01 7.261851563724921e-04
1.838500000000000e-01 7.231780186971903e-04
1.844740000000000e-01 7.200984151494602e-04
1.850980000000000e-01 7.169387607231461e-04
1.857220000000000e-01 7.136923487942076e-04
1.863460000000000e-01 7.103533010100686e-04
1.869700000000000e-01 7.069165187608374e-04
1.875940000000000e-01 7.033776363620937e-04
1.882180000000000e-01 6.997329760570458e-04
1.888420000000000e-01 6.959795049247379e-04
1.894660000000000e-01 6.921147937606990e-04
1.900900000000000e-01 6.881369779770346e-04
1.907140000000000e-01 6.840447205505681e-04
1.913380000000000e-01 6.798371770302217e-04
1.919620000000000e-01 6.755139625985591e-04
1.925860000000000e-01 6.710751211671867e-04
1.932110000000000e-01 6.665137063024937e-04
1.938350000000000e-01 6.618451325146050e-04
1.944590000000000e-01 6.570633586206452e-04
1.950830000000000e-01 6.521698741184379e-04
1.957070000000000e-01 6.471664715594833e-04
1.963310000000000e-01 6.420552267202732e-04
1.969550000000000e-01 6.368384803383924e-04
1.975790000000000e-01 6.315188213139832e-04
1.982030000000000e-01 6.260990712725273e-04
1.988270000000000e-01 6.205822703814270e-04
1.994510000000000e-01 6.149716643104461e-04
2.000750000000000e-01 6.092706922246826e-04
2.006990000000000e-01 6.034829756983845e-04
2.013230000000000e-01 5.976123084384630e-04
2.019470000000000e-01 5.916626467080370e-04
2.025710000000000e-01 5.856381003426165e-04
2.031950000000000e-01 5.795429242546520e-04
2.038200000000000e-01 5.733715855091628e-04
2.044440000000000e-01 5.671483595645469e-04
2.050680000000000e-01 5.608680669224499e-04
2.056920000000000e-01 5.545354643735181e-04
2.063160000000000e-01 5.481554152731358e-04
2.069400000000000e-01 5.417328820419598e-04
2.075640000000000e-01 5.352729185639558e-04
2.081880000000000e-01 5.287806624230876e-04
2.088120000000000e-01 5.222613269271447e-04
2.094360000000000e-01 5.157201928746394e-04
2.100600000000000e-01 5.091626000282692e-04
2.106840000000000e-01 5.025939382660138e-04
2.113080000000000e-01 4.960196383884938e-04
2.119320000000000e-01 4.894451625686905e-04
2.125560000000000e-01 4.828759944374606e-04
2.131800000000000e-01 4.763176288054200e-04
2.138050000000000e-01 4.697650929651657e-04
2.144290000000000e-01 4.632448472694607e-04
2.150530000000000e-01 4.567518562830845e-04
2.156770000000000e-01 4.502915498189901e-04
2.163010000000000e-01 4.438693124938607e-04
2.169250000000000e-01 4.374904716460740e-04
2.175490000000000e-01 4.311602850698046e-04
2.181730000000000e-01 4.248839286114490e-04
2.187970000000000e-01 4.186664836783400e-04
2.194210000000000e-01 4.125129247129827e-04
2.200450000000000e-01 4.064281066888210e-04
2.206690000000000e-01 4.004167526857817e-04
2.212930000000000e-01 3.944834416055762e-04
2.219170000000000e-01 3.886325960879292e-04
2.225410000000000e-01 3.828684706896076e-04
2.231650000000000e-01 3.771951403882592e-04
2.237890000000000e-01 3.716164894727672e-04
2.244140000000000e-01 3.661274991973854e-04
2.250380000000000e-01 3.607492102247448e-04
2.256620000000000e-01 3.554760103681899e-04
2.262860000000000e-01 3.503109195192282e-04
2.269100000000000e-01 3.452567191922152e-04
2.275340000000000e-01 3.403159449517250e-04
2.281580000000000e-01 3.354908796098078e-04
2.287820000000000e-01 3.307835472360081e-04
2.294060000000000e-01 3.261957080190026e-04
2.300300000000000e-01 3.217288540144214e-04
2.306540000000000e-01 3.173842058089106e-04
2.312780000000000e-01 3.131627101257274e-04
2.319020000000000e-01 3.090650383922825e-04
2.325260000000000e-01 3.050915862849733e-04
2.331500000000000e-01 3.012424742615194e-04
2.337740000000000e-01 2.975175490857739e-04
2.343980000000000e-01 2.939163863447468e-04
2.350230000000000e-01 2.904328183816272e-04
2.356470000000000e-01 2.870770358498504e-04
2.362710000000000e-01 2.838421532059629e-04
2.368950000000000e-01 2.807267056440546e-04
2.375190000000000e-01 2.777289842873000e-04
2.381430000000000e-01 2.748470443636667e-04
2.387670000000000e-01 2.720787142287652e-04
2.393910000000000e-01 2.694216051961954e-04
2.400150000000000e-01 2.668731221315857e-04
2.406390000000000e-01 2.644304747626546e-04
2.412630000000000e-01 2.620906896540072e-04
2.418870000000000e-01 2.598506227920850e-04
2.425110000000000e-01 2.577069727226891e-04
2.431350000000000e-01 2.556562941808486e-04
2.437590000000000e-01 2.536950121504816e-04
2.443830000000000e-01 2.518194362893424e-04
2.450080000000000e-01 2.500229648738090e-04
2.456320000000000e-01 2.483074647830662e-04
2.462560000000000e-01 2.466660498360306e-04
2.468800000000000e-01 2.450947175274354e-04
2.475040000000000e-01 2.435894253051070e-04
2.481280000000000e-01 2.421461057680897e-04
2.487520000000000e-01 2.407606817543161e-04
2.493760000000000e-01 2.394290812508682e-04
2.500000000000000e-01 2.381472520612055e-04
